status:=ok
schema:=timeseries nwp vhapdf prognosis station amps-pdf
vha-code:=TTTTT
model-group:=PDF-PROFOUND
product:=City, Town & Spot Forecasts
issue-time:=20150327 1800 Z
station:=03772
station-99suffix:=INTL
init-time:=20150215 0300 Z


prog=0h
control-points=2.340149,4.895154,5.707866,5.756096,5.804448,5.853049,5.902029,5.951527,6.001691,6.052683,6.104682,6.157890,6.212530,6.268909,6.327348,9.070550
logn-pdf-values=-6.281517,-1.244724,-0.879823,-0.881029,-0.884865,-0.891301,-0.900404,-0.912292,-0.927121,-0.945019,-0.966231,-0.990895,-1.019337,-1.053434,-1.091062,-6.286400
curvature-values=0.612539,0.089610,0.000002,-0.000003,-0.000008,-0.000016,-0.000033,-0.000054,-0.000078,-0.000112,-0.000150,-0.000198,-0.000290,-0.000350,0.745252
tail-left=1
tail-right=1
mean=5.708544
variance=0.982015


prog=1h
control-points=1.587835,4.687500,5.524008,5.572896,5.621868,5.671056,5.720611,5.770676,5.821387,5.872947,5.925555,5.979398,6.034721,6.091823,6.151055,9.233932
logn-pdf-values=-6.502432,-1.297167,-0.893834,-0.894224,-0.897291,-0.903001,-0.912123,-0.923514,-0.937722,-0.956673,-0.977992,-1.002985,-1.032189,-1.066187,-1.105389,-6.431419
curvature-values=0.416317,0.094229,0.000001,-0.000002,-0.000003,-0.000020,-0.000029,-0.000051,-0.000086,-0.000111,-0.000154,-0.000211,-0.000290,-0.000381,0.608794
tail-left=1
tail-right=1
mean=5.516087
variance=1.111753
